Melhor indivíduo de todas as gerações:
Fitness: 0
Weights: [-0.3117497633117172, -0.989568528678811, -0.9552664651542087, 0.3180816954036496, 0.5779110393863764, 0.0376219270873992, -0.7850373244679225, -0.9756923503940405, 0.47739769712142466, -0.17316896935544634, -0.7299183207117768, 0.7142271118435555, -0.1912400298579986, -0.18560900666617464, 0.8583395390719915, -0.2617871278750219, -0.0950172826891229, -0.15065673028738757, -0.06597228003829736, -0.8336736371979612, -0.41828231296931273, -0.7924745161772111]
