Episódio,Recompensa Total,Passos,Timesteps Globais
1,-2536.44,1001,1001
2,-2712.2,1001,2002
3,-2703.42,1001,3003
4,-2706.25,1001,4004
5,-2702.95,1001,5005
6,-2706.51,1001,6006
7,-2699.82,1001,7007
8,-3535.9,929,7936
9,-2708.04,1001,8937
10,-2701.27,1001,9938
11,-2691.21,1001,10939
12,-3348.31,863,11802
13,-2698.25,1001,12803
14,-2314.81,485,13288
15,-2674.72,1001,14289
16,-2651.37,1001,15290
17,-1769.07,289,15579
18,-3134.66,985,16564
19,-1996.36,375,16939
20,-2163.12,439,17378
21,-1453.51,176,17554
22,-1937.15,356,17910
23,-2321.55,501,18411
24,-1408.59,158,18569
25,-1618.88,240,18809
26,-1739.41,286,19095
27,-2263.83,480,19575
28,-1343.23,134,19709
29,-2399.97,729,20438
30,-1410.64,162,20600
31,-1436.8,170,20770
32,-1466.36,188,20958
33,-1895.29,346,21304
34,-1520.74,200,21504
35,-1420.98,165,21669
36,-1768.75,296,21965
37,-2511.77,1001,22966
38,-2453.69,1001,23967
39,-1341.57,349,24316
40,-1383.36,162,24478
41,-1167.47,73,24551
42,-2034.91,646,25197
43,-1203.83,89,25286
44,-2578.59,675,25961
45,-1157.73,289,26250
46,-1668.89,299,26549
47,-2368.54,618,27167
48,-1117.93,59,27226
49,-2003.98,487,27713
50,-1003.72,255,27968
51,-1120.89,65,28033
52,-1139.03,71,28104
53,-1091.13,47,28151
54,-1156.58,83,28234
55,-1192.02,97,28331
56,-1198.54,101,28432
57,-1804.32,411,28843
58,-1122.97,64,28907
59,-1078.12,43,28950
60,-754.55,136,29086
61,-1164.48,90,29176
62,-1120.29,63,29239
63,-1137.13,73,29312
64,-1087.64,47,29359
65,-1076.42,42,29401
66,-1076.4,41,29442
67,-1114.91,61,29503
68,-1064.42,37,29540
69,-775.62,145,29685
70,-1154.68,336,30021
71,-1121.05,61,30082
72,-1107.98,55,30137
73,-1154.98,84,30221
74,-746.39,136,30357
75,-1204.58,108,30465
76,-1100.82,55,30520
77,-1665.64,362,30882
78,-1085.75,48,30930
79,-1051.12,299,31229
80,-1116.39,70,31299
81,-1658.64,365,31664
82,-1247.92,138,31802
83,-1648.24,377,32179
84,-1052.17,33,32212
85,-1074.1,48,32260
86,-1124.54,74,32334
87,-1063.17,41,32375
88,-1049.57,33,32408
89,-1123.26,74,32482
90,-1067.3,42,32524
91,-1077.24,48,32572
92,-1107.13,70,32642
93,-1078.38,48,32690
94,-1113.3,67,32757
95,-1516.32,311,33068
96,-1548.84,341,33409
97,-1124.53,82,33491
98,-1454.34,290,33781
99,-1100.87,64,33845
100,-765.86,176,34021
101,-1262.74,173,34194
102,-1072.25,53,34247
103,-1054.85,38,34285
104,-1054.08,36,34321
105,-1071.56,50,34371
106,-1037.89,28,34399
107,-1523.79,341,34740
108,-1055.13,38,34778
109,-1062.72,47,34825
110,-1039.73,31,34856
111,-1054.03,40,34896
112,-1091.23,62,34958
113,-1426.47,299,35257
114,-1040.13,29,35286
115,-1382.93,274,35560
116,-1054.29,42,35602
117,-1049.54,37,35639
118,-1074.88,60,35699
119,-1250.17,1001,36700
120,-1027.3,28,36728
121,-1178.9,146,36874
122,-1026.0,24,36898
123,-1056.94,54,36952
124,-1039.36,33,36985
125,-723.06,204,37189
126,-578.31,69,37258
127,-1030.47,30,37288
128,-1051.52,45,37333
129,-655.5,138,37471
130,-1030.79,30,37501
131,-1045.28,44,37545
132,-1026.76,28,37573
133,-1071.44,67,37640
134,-1023.5,24,37664
135,-643.3,134,37798
136,-1036.53,36,37834
137,-575.9,75,37909
138,-1043.39,37,37946
139,-1052.68,54,38000
140,-630.73,120,38120
141,-664.94,157,38277
142,-1043.69,40,38317
143,-1058.11,51,38368
144,-1029.48,29,38397
145,-1036.75,35,38432
146,-1027.33,24,38456
147,-1028.32,29,38485
148,-620.55,113,38598
149,-1030.09,30,38628
150,-1249.28,223,38851
151,-537.98,39,38890
152,-1070.5,68,38958
153,-1039.54,40,38998
154,-1249.9,238,39236
155,-1024.65,24,39260
156,-1050.1,45,39305
157,-1020.88,22,39327
158,-1074.25,63,39390
159,-1033.16,31,39421
160,-571.17,70,39491
161,-1269.12,251,39742
162,-1020.45,26,39768
163,-1034.51,34,39802
164,-1023.8,27,39829
165,-1027.31,27,39856
166,-550.47,53,39909
167,-1064.54,61,39970
168,-1039.33,35,40005
169,-1032.28,32,40037
170,-1094.42,93,40130
171,-1023.53,23,40153
172,-1052.65,53,40206
173,-1092.29,93,40299
174,-1031.83,34,40333
175,-1039.29,38,40371
176,-1124.46,124,40495
177,-1046.53,46,40541
178,-1027.88,29,40570
179,-1023.76,29,40599
180,-1026.66,32,40631
181,-656.11,164,40795
182,-1036.84,37,40832
183,-1017.97,21,40853
184,-1027.13,26,40879
185,-1032.32,32,40911
186,-1024.44,33,40944
187,-1024.78,24,40968
188,-1215.62,215,41183
189,-1245.17,242,41425
190,-654.61,169,41594
191,-1022.68,25,41619
192,-1194.8,204,41823
193,-1033.16,38,41861
194,-1029.39,30,41891
195,-585.59,96,41987
196,-1028.49,34,42021
197,-1172.12,197,42218
198,-1029.88,33,42251
199,-1018.5,26,42277
200,-1025.84,26,42303
201,-595.29,119,42422
202,-1051.9,59,42481
203,-1177.97,197,42678
204,-1016.5,21,42699
205,-1030.04,36,42735
206,-587.28,95,42830
207,-1024.89,29,42859
208,-1051.67,60,42919
209,-1179.07,212,43131
210,-1016.67,22,43153
211,-1170.13,203,43356
212,-613.96,149,43505
213,-1018.74,26,43531
214,-662.99,205,43736
215,-1182.45,214,43950
216,-1044.04,53,44003
217,-610.83,144,44147
218,-1164.95,202,44349
219,-1016.39,21,44370
220,-555.77,68,44438
221,-1034.32,43,44481
222,-1139.36,169,44650
223,-628.8,177,44827
224,-1024.08,39,44866
225,-553.04,81,44947
226,-1049.04,60,45007
227,-577.22,116,45123
228,-571.28,92,45215
229,-1015.63,28,45243
230,-1017.07,25,45268
231,-1018.01,26,45294
232,-1137.23,174,45468
233,-1018.55,27,45495
234,-1015.92,21,45516
235,-1017.94,23,45539
236,-1024.61,38,45577
237,-1016.57,25,45602
238,-1017.18,26,45628
239,-1011.05,19,45647
240,-1017.63,21,45668
241,-1012.6,19,45687
242,-1020.11,28,45715
243,-1012.93,20,45735
244,-1150.43,193,45928
245,-1142.22,208,46136
246,-1019.6,26,46162
247,-1018.6,27,46189
248,-1017.53,23,46212
249,-1160.96,208,46420
250,-1017.0,25,46445
251,-1020.55,28,46473
252,-1145.27,189,46662
253,-1021.16,28,46690
254,-1009.37,18,46708
255,-1016.11,26,46734
256,-1013.32,20,46754
257,-1014.02,26,46780
258,-1012.37,23,46803
259,-1151.26,216,47019
260,-554.99,73,47092
261,-1014.26,24,47116
262,-1016.53,24,47140
263,-1015.31,24,47164
264,-600.97,139,47303
265,-1011.09,20,47323
266,-1027.33,41,47364
267,-578.14,131,47495
268,-1014.56,26,47521
269,-1008.95,18,47539
270,-1013.32,23,47562
271,-559.5,93,47655
272,-1026.24,40,47695
273,-1029.63,44,47739
274,-1010.48,19,47758
275,-1058.74,93,47851
276,-1014.13,24,47875
277,-1045.33,58,47933
278,-577.52,114,48047
279,-1017.19,29,48076
280,-1036.22,55,48131
281,-1018.92,24,48155
282,-576.31,115,48270
283,-1127.3,185,48455
284,-1017.2,25,48480
285,-1128.6,190,48670
286,-1012.79,26,48696
287,-1009.86,18,48714
288,-1013.14,23,48737
289,-1050.63,93,48830
290,-1026.93,38,48868
291,-1099.11,170,49038
292,-1009.16,18,49056
293,-1007.91,18,49074
294,-1014.24,29,49103
295,-540.76,67,49170
296,-1023.05,45,49215
297,-1020.75,34,49249
298,-1015.19,21,49270
299,-1011.75,23,49293
300,-1025.07,39,49332
301,-1012.02,23,49355
302,-1019.01,35,49390
303,-1010.79,19,49409
304,-1038.95,54,49463
305,-1022.73,36,49499
306,-1018.09,30,49529
307,-1005.9,17,49546
308,-1021.65,35,49581
309,-1011.35,23,49604
310,-535.97,62,49666
311,-1031.56,53,49719
312,-1010.11,19,49738
313,-1014.02,20,49758
314,-1121.19,182,49940
315,-1011.91,23,49963
316,-1044.71,72,50035
317,-1010.95,22,50057
318,-1012.21,23,50080
319,-536.97,84,50164
320,-553.56,104,50268
321,-1018.05,30,50298
322,-1131.02,199,50497
323,-1019.29,25,50522
324,-1050.15,93,50615
325,-1014.71,25,50640
326,-1010.55,23,50663
327,-1016.76,26,50689
328,-1009.94,18,50707
329,-1011.48,20,50727
330,-1015.33,26,50753
331,-1010.48,18,50771
332,-1021.39,33,50804
333,-1014.79,24,50828
334,-1010.54,22,50850
335,-1012.97,24,50874
336,-1018.06,26,50900
337,-1090.46,168,51068
338,-552.33,94,51162
339,-1008.68,19,51181
340,-1090.86,173,51354
341,-1098.44,171,51525
342,-1016.56,25,51550
343,-1013.37,25,51575
344,-1015.35,33,51608
345,-1085.29,167,51775
346,-1051.86,93,51868
347,-1010.72,19,51887
348,-1017.38,28,51915
349,-1020.77,39,51954
350,-1013.75,21,51975
351,-1010.37,22,51997
352,-1013.34,31,52028
353,-1013.92,30,52058
354,-1008.89,18,52076
355,-1011.37,23,52099
356,-1018.58,39,52138
357,-1014.02,31,52169
358,-1093.88,177,52346
359,-1020.58,37,52383
360,-1014.75,26,52409
361,-1104.79,195,52604
362,-1013.38,30,52634
363,-1016.98,40,52674
364,-525.94,50,52724
365,-533.48,75,52799
366,-1018.52,38,52837
367,-1013.19,21,52858
368,-1030.88,48,52906
369,-1040.12,72,52978
370,-1043.98,93,53071
371,-1007.4,18,53089
372,-1010.31,19,53108
373,-530.61,65,53173
374,-1013.86,28,53201
375,-1073.99,164,53365
376,-1011.8,23,53388
377,-1021.44,36,53424
378,-1082.61,164,53588
379,-1013.69,30,53618
380,-537.03,87,53705
381,-1008.45,20,53725
382,-1011.33,26,53751
383,-1008.23,21,53772
384,-1005.07,17,53789
385,-1084.78,161,53950
386,-1015.66,47,53997
387,-1011.2,21,54018
388,-1087.64,170,54188
389,-1012.51,20,54208
390,-543.64,107,54315
391,-1013.38,24,54339
392,-1005.69,17,54356
393,-1006.55,18,54374
394,-1014.56,34,54408
395,-535.2,63,54471
396,-1019.66,40,54511
397,-541.88,91,54602
398,-1015.16,40,54642
399,-1006.54,18,54660
400,-1008.35,24,54684
401,-529.63,57,54741
402,-1007.17,22,54763
403,-551.57,98,54861
404,-1014.88,31,54892
405,-1023.93,49,54941
406,-1019.61,40,54981
407,-1019.78,37,55018
408,-535.09,60,55078
409,-1022.37,51,55129
410,-1008.48,25,55154
411,-1009.57,22,55176
412,-1020.65,32,55208
413,-1013.07,26,55234
414,-1021.37,41,55275
415,-1008.58,21,55296
416,-1009.14,19,55315
417,-1021.97,44,55359
418,-1016.11,26,55385
419,-1010.86,23,55408
420,-1110.79,175,55583
421,-1046.84,93,55676
422,-1016.48,27,55703
423,-1108.39,201,55904
424,-1094.61,172,56076
425,-1086.89,168,56244
426,-1103.85,196,56440
427,-1012.1,23,56463
428,-1006.24,17,56480
429,-1010.82,23,56503
430,-1012.13,24,56527
431,-1026.49,48,56575
432,-1026.57,49,56624
433,-518.75,40,56664
434,-1008.84,23,56687
435,-1009.32,22,56709
436,-1030.32,52,56761
437,-1032.77,72,56833
438,-1010.1,23,56856
439,-1022.89,41,56897
440,-1008.53,22,56919
441,-1022.2,38,56957
442,-1009.44,22,56979
443,-1005.98,23,57002
444,-1010.7,25,57027
445,-1007.17,17,57044
446,-1011.37,23,57067
447,-534.37,81,57148
448,-1010.52,24,57172
449,-1033.04,72,57244
450,-1006.69,17,57261
451,-1007.47,18,57279
452,-533.95,77,57356
453,-1008.44,23,57379
454,-557.03,114,57493
455,-1010.8,29,57522
456,-521.38,50,57572
457,-523.03,68,57640
458,-1015.81,38,57678
459,-1008.46,20,57698
460,-1024.49,44,57742
461,-1009.24,18,57760
462,-1009.39,18,57778
463,-1008.48,25,57803
464,-1005.43,17,57820
465,-1006.39,20,57840
466,-1018.82,37,57877
467,-1010.16,20,57897
468,-1005.3,21,57918
469,-1076.41,163,58081
470,-1013.54,31,58112
471,-1014.34,26,58138
472,-1009.67,24,58162
473,-1003.92,17,58179
474,-1009.65,26,58205
475,-507.74,22,58227
476,-1004.07,21,58248
477,-538.65,72,58320
478,-1022.3,42,58362
479,-1014.81,25,58387
480,-1012.31,20,58407
481,-1011.04,24,58431
482,-1012.69,24,58455
483,-1028.39,72,58527
484,-1009.31,23,58550
485,-1092.24,199,58749
486,-1010.19,24,58773
487,-1011.01,23,58796
488,-1018.59,36,58832
489,-1012.55,34,58866
490,-1093.9,182,59048
491,-1016.02,33,59081
492,-1018.68,52,59133
493,-1006.28,17,59150
494,-1007.3,19,59169
495,-1012.14,19,59188
496,-554.03,112,59300
497,-566.9,139,59439
498,-548.78,115,59554
499,-549.24,128,59682
500,-1013.5,31,59713
501,-1011.74,28,59741
502,-1004.66,17,59758
503,-1005.46,21,59779
504,-1006.64,21,59800
505,-1011.92,30,59830
506,-1010.72,24,59854
507,-1066.2,189,60043
508,-1017.31,46,60089
509,-1053.54,161,60250
510,-1079.61,177,60427
511,-1010.06,26,60453
512,-1007.39,23,60476
513,-1064.01,178,60654
514,-513.04,50,60704
515,-1006.79,19,60723
516,-531.2,82,60805
517,-552.61,142,60947
518,-521.37,51,60998
519,-1005.33,19,61017
520,-1008.57,20,61037
521,-291.56,1001,62038
522,-1005.58,39,62077
523,-1016.96,141,62218
524,-510.52,47,62265
525,-1001.95,25,62290
526,-1001.12,17,62307
527,-1008.61,35,62342
528,-1004.12,18,62360
529,-1006.95,22,62382
530,-1002.4,21,62403
531,-1004.06,23,62426
532,-999.71,17,62443
533,-1002.2,17,62460
534,-999.57,15,62475
535,-1005.17,24,62499
536,-1005.93,38,62537
537,-500.15,114,62651
538,-997.72,14,62665
539,-1002.63,23,62688
540,-1000.64,17,62705
541,-1005.82,28,62733
542,-1002.71,21,62754
543,-1005.04,29,62783
544,-1026.51,166,62949
545,-520.88,110,63059
546,-1000.49,25,63084
547,-1005.23,21,63105
548,-1000.99,18,63123
549,-1009.65,72,63195
550,-1001.89,22,63217
551,-512.59,85,63302
552,-998.75,21,63323
553,-522.67,132,63455
554,-1004.16,18,63473
555,-1010.64,93,63566
556,-516.57,120,63686
557,-1019.45,149,63835
558,-1003.14,20,63855
559,-1008.55,72,63927
560,-1003.14,40,63967
561,-1007.01,18,63985
562,-508.99,106,64091
563,-1002.26,35,64126
564,-1001.58,26,64152
565,-1002.04,21,64173
566,-1002.58,27,64200
567,-1000.2,19,64219
568,-1000.74,22,64241
569,-509.59,87,64328
570,-1002.59,33,64361
571,-1000.68,19,64380
572,-1018.93,143,64523
573,-507.13,26,64549
574,-1026.64,152,64701
575,-1017.38,143,64844
576,-513.32,65,64909
577,-1005.15,21,64930
578,-509.67,84,65014
579,-1005.22,27,65041
580,-1002.63,23,65064
581,-1006.24,18,65082
582,-1002.95,22,65104
583,-521.29,117,65221
584,-1000.32,32,65253
585,-1001.0,20,65273
586,-1015.92,142,65415
587,-1006.26,21,65436
588,-123.44,1001,66437
589,-1001.51,16,66453
590,-999.1,30,66483
591,-1000.39,33,66516
592,-500.67,122,66638
593,-994.62,32,66670
594,-997.49,21,66691
595,-994.68,93,66784
596,-998.85,15,66799
597,-997.66,23,66822
598,-999.71,20,66842
599,-999.42,15,66857
600,-999.05,21,66878
601,-489.45,91,66969
602,-496.32,95,67064
603,-499.47,58,67122
604,75.31,1001,68123
605,-999.95,19,68142
606,-997.35,18,68160
607,-995.1,15,68175
608,-474.24,81,68256
609,-488.36,69,68325
610,-489.85,117,68442
611,-993.45,19,68461
612,-483.79,57,68518
613,-496.43,50,68568
614,-994.18,19,68587
615,-997.58,19,68606
616,-996.43,14,68620
617,-990.13,28,68648
618,-995.84,14,68662
619,-995.97,26,68688
620,-994.02,13,68701
621,163.66,1001,69702
622,-999.45,18,69720
623,-481.52,86,69806
624,-993.13,18,69824
625,-993.66,22,69846
626,-992.95,21,69867
627,-994.22,26,69893
628,-991.16,29,69922
629,-996.86,18,69940
630,-472.92,101,70041
631,-493.06,22,70063
632,-994.35,14,70077
633,-997.53,34,70111
634,-989.66,30,70141
635,-971.07,72,70213
636,-992.28,35,70248
637,-998.21,21,70269
638,-483.72,72,70341
639,-459.21,109,70450
640,-996.5,14,70464
641,-988.78,72,70536
642,-993.62,23,70559
643,-962.79,132,70691
644,-996.58,21,70712
645,-985.09,72,70784
646,-478.16,74,70858
647,-992.5,14,70872
648,-993.56,21,70893
649,-970.26,129,71022
650,-988.34,30,71052
651,-958.07,144,71196
652,-996.13,18,71214
653,-993.43,20,71234
654,-994.59,18,71252
655,-1000.54,26,71278
656,-989.41,34,71312
657,-473.07,73,71385
658,-992.32,13,71398
659,-993.16,27,71425
660,-993.28,14,71439
661,-997.32,15,71454
662,-997.01,18,71472
663,-982.25,84,71556
664,-475.46,76,71632
665,-465.75,100,71732
666,-993.13,33,71765
667,-485.88,46,71811
668,-486.09,58,71869
669,-993.38,17,71886
670,-996.23,18,71904
671,-466.35,111,72015
672,-995.53,19,72034
673,-993.71,24,72058
674,-975.26,84,72142
675,-994.31,14,72156
676,-490.35,30,72186
677,-994.14,19,72205
678,-995.9,20,72225
679,-994.57,19,72244
680,-488.92,30,72274
681,-994.86,26,72300
682,-997.29,14,72314
683,-992.83,33,72347
684,-984.23,72,72419
685,-992.38,21,72440
686,-991.09,32,72472
687,-996.48,14,72486
688,-993.49,15,72501
689,-991.58,26,72527
690,-995.45,36,72563
691,-995.8,14,72577
692,-994.4,22,72599
693,-994.18,19,72618
694,-959.13,125,72743
695,-994.53,22,72765
696,-995.12,19,72784
697,-472.94,93,72877
698,-994.01,13,72890
699,-475.3,82,72972
700,-990.42,13,72985
701,-993.44,19,73004
702,-994.67,37,73041
703,-994.38,16,73057
704,-994.54,18,73075
705,-994.79,13,73088
706,-993.45,21,73109
707,-995.45,20,73129
708,-996.3,28,73157
709,-966.53,141,73298
710,-966.03,138,73436
711,-975.43,127,73563
712,-994.18,15,73578
713,-480.31,45,73623
714,-986.49,32,73655
715,-991.62,35,73690
716,-995.91,17,73707
717,-995.39,13,73720
718,-976.39,81,73801
719,-996.17,14,73815
720,-998.75,40,73855
721,-482.44,52,73907
722,-997.72,20,73927
723,-994.31,23,73950
724,-993.58,24,73974
725,-994.94,26,74000
726,-992.74,42,74042
727,-485.03,57,74099
728,-489.58,43,74142
729,-993.79,25,74167
730,-490.99,54,74221
731,-995.85,19,74240
732,-995.6,18,74258
733,-993.8,19,74277
734,-474.39,82,74359
735,287.58,1001,75360
736,-994.67,18,75378
737,-475.73,70,75448
738,-987.1,31,75479
739,-993.2,27,75506
740,-476.24,57,75563
741,-991.88,18,75581
742,-994.34,17,75598
743,-994.07,19,75617
744,-966.2,127,75744
745,-994.49,20,75764
746,-996.97,18,75782
747,-993.21,19,75801
748,-994.6,18,75819
749,-992.91,40,75859
750,-994.04,13,75872
751,-990.68,21,75893
752,-992.92,17,75910
753,-485.18,38,75948
754,-991.47,24,75972
755,-990.91,23,75995
756,-973.2,71,76066
757,-995.45,17,76083
758,-994.1,18,76101
759,-993.65,12,76113
760,-467.81,75,76188
761,-485.92,53,76241
762,-989.73,19,76260
763,-993.53,17,76277
764,-977.84,81,76358
765,-995.67,21,76379
766,-991.11,18,76397
767,-462.87,104,76501
768,-984.27,26,76527
769,-993.49,13,76540
770,-960.16,134,76674
771,-484.41,46,76720
772,-994.2,16,76736
773,-992.45,17,76753
774,-991.0,29,76782
775,-954.15,121,76903
776,-991.0,31,76934
777,-996.11,13,76947
778,-993.63,20,76967
779,-992.46,23,76990
780,-994.35,17,77007
781,-994.6,17,77024
782,-995.66,17,77041
783,-968.14,125,77166
784,-992.35,20,77186
785,-992.61,16,77202
786,-994.37,27,77229
787,-989.58,28,77257
788,-472.02,66,77323
789,-969.39,139,77462
790,-992.4,21,77483
791,-992.98,20,77503
792,-961.54,127,77630
793,-993.27,23,77653
794,-996.37,15,77668
795,-967.59,129,77797
796,-991.98,32,77829
797,-993.31,17,77846
798,-993.82,13,77859
799,-465.55,99,77958
800,-472.74,68,78026
801,-990.05,14,78040
802,-479.73,65,78105
803,-485.58,48,78153
804,-467.15,110,78263
805,-991.69,18,78281
806,-994.08,15,78296
807,-996.54,15,78311
808,-991.1,38,78349
809,-482.86,44,78393
810,-991.67,28,78421
811,-990.85,19,78440
812,-464.82,78,78518
813,313.79,1001,79519
814,-991.75,16,79535
815,-990.28,17,79552
816,-991.6,22,79574
817,-992.8,17,79591
818,-989.17,35,79626
819,-993.32,20,79646
820,-992.31,14,79660
821,-953.84,123,79783
822,-989.49,24,79807
823,-992.26,15,79822
824,-465.85,82,79904
825,-485.05,49,79953
826,-983.18,35,79988
827,-993.28,20,80008
828,-995.28,30,80038
829,-993.51,18,80056
830,-996.02,16,80072
831,-992.9,15,80087
832,-477.86,56,80143
833,-986.71,18,80161
834,-481.6,48,80209
835,-993.54,31,80240
836,-987.06,17,80257
837,-993.62,14,80271
838,-992.78,16,80287
839,-472.83,68,80355
840,-954.04,123,80478
841,-471.9,75,80553
842,-458.82,76,80629
843,-990.04,12,80641
844,-954.06,122,80763
845,-946.83,148,80911
846,-990.48,19,80930
847,-989.85,28,80958
848,-994.23,14,80972
849,-991.11,15,80987
850,-984.05,37,81024
851,-943.49,142,81166
852,-995.11,13,81179
853,-990.77,14,81193
854,-949.22,123,81316
855,-987.72,40,81356
856,-988.0,25,81381
857,-988.99,28,81409
858,-457.06,104,81513
859,-986.72,21,81534
860,-993.73,16,81550
861,-956.0,123,81673
862,-988.63,32,81705
863,-994.77,14,81719
864,-466.83,67,81786
865,-948.56,120,81906
866,-984.38,27,81933
867,-455.43,95,82028
868,-472.86,52,82080
869,-987.27,16,82096
870,-992.01,15,82111
871,-992.75,16,82127
872,-994.82,29,82156
873,-449.63,99,82255
874,-989.58,14,82269
875,-994.65,18,82287
876,-460.63,85,82372
877,-993.67,13,82385
878,-990.7,27,82412
879,-992.69,16,82428
880,-984.85,32,82460
881,400.31,1001,83461
882,-989.68,23,83484
883,-948.87,125,83609
884,-997.75,22,83631
885,-941.79,118,83749
886,-990.6,17,83766
887,-937.33,139,83905
888,-937.12,119,84024
889,-966.91,72,84096
890,-987.73,27,84123
891,-475.43,47,84170
892,-477.25,46,84216
893,-988.11,16,84232
894,-987.78,18,84250
895,-990.56,19,84269
896,-456.35,97,84366
897,-987.38,22,84388
898,-987.97,22,84410
899,-991.44,14,84424
900,-984.78,27,84451
901,-480.34,39,84490
902,-445.49,100,84590
903,-943.35,119,84709
904,-986.98,26,84735
905,-460.04,88,84823
906,-448.75,96,84919
907,-986.35,19,84938
908,-994.83,13,84951
909,-469.06,48,84999
910,-481.57,47,85046
911,-451.64,89,85135
912,-948.16,123,85258
913,-994.75,13,85271
914,-991.63,20,85291
915,-995.57,14,85305
916,-964.95,72,85377
917,-939.46,140,85517
918,-992.18,16,85533
919,-937.08,123,85656
920,-962.89,73,85729
921,-988.67,23,85752
922,-985.48,33,85785
923,-992.41,17,85802
924,-463.96,69,85871
925,-933.35,123,85994
926,-993.78,17,86011
927,-992.93,23,86034
928,-987.47,32,86066
929,-982.23,31,86097
930,-453.62,90,86187
931,-468.78,67,86254
932,-987.79,20,86274
933,-986.71,23,86297
934,-978.74,35,86332
935,-985.44,31,86363
936,-991.27,18,86381
937,-992.86,13,86394
938,-991.27,16,86410
939,-463.43,66,86476
940,-935.08,127,86603
941,-939.29,116,86719
942,-995.4,14,86733
943,-949.19,124,86857
944,-992.59,13,86870
945,-990.74,16,86886
946,-991.45,14,86900
947,-462.52,76,86976
948,-992.12,17,86993
949,-992.93,16,87009
950,-963.29,71,87080
951,-992.65,18,87098
952,-452.1,105,87203
953,-985.9,19,87222
954,-989.24,15,87237
955,-993.85,13,87250
956,-986.17,29,87279
957,-945.54,136,87415
958,-941.69,117,87532
959,-991.12,14,87546
960,-986.58,26,87572
961,-984.09,39,87611
962,-992.54,13,87624
963,-940.68,132,87756
964,-467.11,66,87822
965,-984.06,28,87850
966,-994.14,17,87867
967,-995.81,18,87885
968,-991.45,14,87899
969,-986.27,31,87930
970,-992.37,17,87947
971,-985.83,23,87970
972,-988.96,24,87994
973,-960.87,72,88066
974,-990.18,27,88093
975,-991.4,13,88106
976,-983.99,33,88139
977,-991.67,12,88151
978,-455.56,79,88230
979,-981.19,43,88273
980,-939.16,115,88388
981,-993.53,16,88404
982,-992.94,13,88417
983,-993.42,13,88430
984,-993.36,21,88451
985,-991.62,16,88467
986,-947.77,118,88585
987,-984.12,22,88607
988,-989.49,17,88624
989,-986.93,20,88644
990,512.9,1001,89645
991,-449.05,91,89736
992,-977.97,36,89772
993,-986.57,28,89800
994,-992.24,16,89816
995,-454.91,76,89892
996,-992.42,13,89905
997,-988.62,17,89922
998,-984.62,24,89946
999,-990.72,23,89969
1000,-991.47,13,89982
1001,-480.61,38,90020
1002,-976.85,36,90056
1003,-984.82,32,90088
1004,-991.47,13,90101
1005,-992.57,13,90114
1006,-450.2,95,90209
1007,-991.18,16,90225
1008,-990.53,16,90241
1009,-991.83,12,90253
1010,-991.44,17,90270
1011,-956.02,80,90350
1012,-993.41,13,90363
1013,-984.67,32,90395
1014,-472.69,47,90442
1015,-978.12,43,90485
1016,519.12,1001,91486
1017,-983.97,27,91513
1018,-441.23,102,91615
1019,-460.59,62,91677
1020,-442.49,100,91777
1021,-986.79,16,91793
1022,-988.71,18,91811
1023,-983.37,24,91835
1024,-989.16,14,91849
1025,-987.64,15,91864
1026,-991.4,12,91876
1027,-424.3,101,91977
1028,-992.18,12,91989
1029,-454.94,76,92065
1030,-987.68,11,92076
1031,-978.53,32,92108
1032,-435.44,99,92207
1033,-469.92,51,92258
1034,-988.99,16,92274
1035,-453.93,64,92338
1036,-985.69,20,92358
1037,-472.83,45,92403
1038,-988.2,25,92428
1039,-440.86,99,92527
1040,-985.95,14,92541
1041,-989.93,18,92559
1042,-990.48,20,92579
1043,-986.67,19,92598
1044,-989.09,17,92615
1045,-479.8,39,92654
1046,-462.57,61,92715
1047,-984.52,23,92738
1048,-444.94,83,92821
1049,-990.3,18,92839
1050,-991.65,12,92851
1051,-444.01,84,92935
1052,-931.18,116,93051
1053,-460.92,62,93113
1054,-985.22,14,93127
1055,-928.85,113,93240
1056,-987.75,15,93255
1057,-987.78,16,93271
1058,-439.24,90,93361
1059,-987.61,13,93374
1060,-988.15,15,93389
1061,-985.44,26,93415
1062,-984.0,24,93439
1063,-975.76,43,93482
1064,-438.01,91,93573
1065,-985.88,26,93599
1066,-436.97,105,93704
1067,-987.45,15,93719
1068,-987.67,22,93741
1069,-988.21,20,93761
1070,-987.55,15,93776
1071,-449.32,71,93847
1072,-991.2,12,93859
1073,-988.06,16,93875
1074,-990.27,15,93890
1075,-990.16,16,93906
1076,-444.11,80,93986
1077,-460.51,56,94042
1078,-990.08,15,94057
1079,-992.26,14,94071
1080,-989.86,19,94090
1081,-991.05,13,94103
1082,-441.35,92,94195
1083,-985.73,15,94210
1084,-988.43,16,94226
1085,-984.96,24,94250
1086,-986.95,21,94271
1087,-988.18,17,94288
1088,-482.54,35,94323
1089,-918.61,135,94458
1090,-992.31,15,94473
1091,-989.94,15,94488
1092,-989.52,16,94504
1093,-985.14,22,94526
1094,-992.4,13,94539
1095,-924.35,111,94650
1096,-989.6,14,94664
1097,-932.28,115,94779
1098,-990.71,12,94791
1099,-987.21,19,94810
1100,-979.61,37,94847
1101,-984.16,24,94871
1102,-990.23,14,94885
1103,-989.29,15,94900
1104,-986.66,18,94918
1105,-991.19,12,94930
1106,-925.9,126,95056
1107,-460.53,50,95106
1108,-987.93,12,95118
1109,-976.18,37,95155
1110,-980.56,31,95186
1111,-986.64,24,95210
1112,-922.35,115,95325
1113,-980.0,23,95348
1114,-992.42,12,95360
1115,-972.79,46,95406
1116,-476.88,38,95444
1117,-991.18,12,95456
1118,-986.71,19,95475
1119,-989.81,12,95487
1120,-986.2,18,95505
1121,-989.1,19,95524
1122,-982.43,30,95554
1123,-990.9,16,95570
1124,-971.29,45,95615
1125,-989.17,16,95631
1126,-985.93,22,95653
1127,-992.43,13,95666
1128,-988.81,18,95684
1129,-990.15,16,95700
1130,-986.4,19,95719
1131,-461.85,60,95779
1132,-989.75,19,95798
1133,-974.93,43,95841
1134,-990.15,12,95853
1135,-981.6,33,95886
1136,-992.25,12,95898
1137,632.4,1001,96899
1138,-449.24,71,96970
1139,-981.91,24,96994
1140,-987.96,15,97009
1141,-979.25,30,97039
1142,-916.23,106,97145
1143,-977.54,37,97182
1144,-976.6,32,97214
1145,-921.15,111,97325
1146,-985.96,20,97345
1147,-988.86,22,97367
1148,-449.99,78,97445
1149,-985.08,17,97462
1150,-987.26,16,97478
1151,-991.35,15,97493
1152,-994.53,13,97506
1153,-986.19,17,97523
1154,-988.27,23,97546
1155,-983.69,23,97569
1156,-955.44,72,97641
1157,-924.46,114,97755
1158,-986.03,22,97777
1159,-458.38,50,97827
1160,-979.63,31,97858
1161,-989.57,13,97871
1162,-442.58,82,97953
1163,-978.75,26,97979
1164,-981.44,29,98008
1165,-951.26,73,98081
1166,-991.41,14,98095
1167,-921.86,111,98206
1168,-987.19,21,98227
1169,-437.65,97,98324
1170,-449.99,69,98393
1171,-433.15,92,98485
1172,-910.85,132,98617
1173,-457.75,50,98667
1174,-975.57,33,98700
1175,-436.06,93,98793
1176,-978.79,35,98828
1177,-913.77,108,98936
1178,-979.75,29,98965
1179,-456.88,67,99032
1180,-972.29,28,99060
1181,-990.02,12,99072
1182,-438.21,77,99149
1183,-435.29,78,99227
1184,-471.91,44,99271
1185,-989.33,16,99287
1186,-429.03,89,99376
1187,-985.75,15,99391
1188,-986.95,13,99404
1189,-471.91,43,99447
1190,-986.41,20,99467
1191,-991.08,16,99483
1192,-992.76,13,99496
1193,-986.45,23,99519
1194,-946.11,72,99591
1195,-991.42,12,99603
1196,-987.67,21,99624
1197,-430.61,91,99715
1198,-921.57,110,99825
1199,-980.53,29,99854
1200,-989.69,15,99869
1201,-982.92,25,99894
1202,-984.86,18,99912
1203,-439.07,81,99993
1204,-967.27,43,100036
1205,-990.36,12,100048
1206,-980.73,35,100083
1207,-986.98,19,100102
1208,-985.52,18,100120
1209,-991.15,20,100140
1210,-977.12,33,100173
1211,-915.59,108,100281
1212,-438.89,74,100355
1213,-978.06,29,100384
1214,-992.09,12,100396
1215,-433.28,93,100489
1216,-919.48,110,100599
1217,-919.8,112,100711
1218,-919.03,127,100838
1219,-986.25,18,100856
